0 0 I 121712
4 0 P 17032
2 1 P 9128
1 2 P 6808
3 2 P 5944
8 0 P 22864
6 1 P 10392
5 2 P 9304
7 2 P 6976
12 0 P 30080
10 1 P 12560
9 2 P 8848
11 2 P 8992
16 0 P 31344
14 1 P 13120
13 2 P 9672
15 2 P 7792
20 0 P 40064
18 1 P 12808
17 2 P 10256
19 2 P 8696
24 0 P 38096
22 1 P 16104
21 2 P 11456
23 2 P 10352
28 0 P 42056
26 1 P 16656
25 2 P 12160
27 2 P 10096
32 0 I 138864
30 1 P 18928
29 2 P 12968
31 2 P 12664
36 0 P 44120
34 1 P 16168
33 2 P 10576
35 2 P 9936
40 0 P 36280
38 1 P 15840
37 2 P 11160
39 2 P 9800
44 0 P 29848
42 1 P 14256
41 2 P 10152
43 2 P 9264
48 0 P 28680
46 1 P 13816
45 2 P 10840
47 2 P 9272
52 0 P 25736
50 1 P 12576
49 2 P 10112
51 2 P 7760
56 0 P 22440
54 1 P 9728
53 2 P 7976
55 2 P 7016
60 0 P 25936
58 1 P 12368
57 2 P 9872
59 2 P 9216
64 0 I 148864
62 1 P 16840
61 2 P 12280
63 2 P 11648
68 0 P 20248
66 1 P 12992
65 2 P 9800
67 2 P 8696
72 0 P 26440
70 1 P 13224
69 2 P 9776
71 2 P 9952
76 0 P 26984
74 1 P 10464
73 2 P 11176
75 2 P 7080
80 0 P 19432
78 1 P 9536
77 2 P 8296
79 2 P 6376
84 0 P 19080
82 1 P 9360
81 2 P 7280
83 2 P 6312
88 0 P 15888
86 1 P 7616
85 2 P 7232
87 2 P 4600
92 0 P 11976
90 1 P 7584
89 2 P 6120
91 2 P 4576
96 0 I 153376
94 1 P 13888
93 2 P 8760
95 2 P 8976
100 0 P 19896
98 1 P 10680
97 2 P 6984
99 2 P 7808
104 0 P 24264
102 1 P 12584
101 2 P 8960
103 2 P 9248
108 0 P 37344
106 1 P 17128
105 2 P 11760
107 2 P 9928
112 0 P 30000
110 1 P 15744
109 2 P 10536
111 2 P 10464
116 0 P 36248
114 1 P 20360
113 2 P 14248
115 2 P 13912
120 0 P 46056
118 1 P 18448
117 2 P 14872
119 2 P 14120
124 0 P 39488
122 1 P 14560
121 2 P 17168
123 2 P 7488
128 0 I 159160
126 1 P 14560
125 2 P 10496
127 2 P 9592
132 0 P 10304
130 1 P 6424
129 2 P 5616
131 2 P 4048
136 0 P 8568
134 1 P 4680
133 2 P 4472
135 2 P 4520
140 0 P 8584
138 1 P 4936
137 2 P 5832
139 2 P 3528
144 0 P 7128
142 1 P 4632
141 2 P 3640
143 2 P 3144
148 0 P 10376
146 1 P 4968
145 2 P 3696
147 2 P 3384
152 0 P 17376
150 1 P 7912
149 2 P 5624
151 2 P 5560
156 0 P 27752
154 1 P 13872
153 2 P 8840
155 2 P 11640
160 0 I 144400
158 1 P 19240
157 2 P 14368
159 2 P 12952
164 0 P 21360
162 1 P 12816
161 2 P 9208
163 2 P 8960
168 0 P 26456
166 1 P 12496
165 2 P 9400
167 2 P 9168
172 0 P 29800
170 1 P 13720
169 2 P 10504
171 2 P 9376
176 0 P 28176
174 1 P 13408
173 2 P 9880
175 2 P 8464
180 0 P 27048
178 1 P 12504
177 2 P 10336
179 2 P 8816
184 0 P 24888
182 1 P 13496
181 2 P 10976
183 2 P 11192
188 0 P 21064
186 1 P 11112
185 2 P 10096
187 2 P 8816
192 0 I 137064
190 1 P 15280
189 2 P 11384
191 2 P 9144
196 0 P 20616
194 1 P 9856
193 2 P 7248
195 2 P 5920
200 0 P 20272
198 1 P 10056
197 2 P 6904
199 2 P 6072
204 0 P 21448
202 1 P 9632
201 2 P 7416
203 2 P 5984
208 0 P 24392
206 1 P 12208
205 2 P 8736
207 2 P 7328
212 0 P 23680
210 1 P 10824
209 2 P 7776
211 2 P 7336
216 0 P 26640
214 1 P 12968
213 2 P 9672
215 2 P 8808
220 0 P 25816
218 1 P 12952
217 2 P 10768
219 2 P 8896
224 0 I 141824
222 1 P 17928
221 2 P 14632
223 2 P 10192
228 0 P 20688
226 1 P 10144
225 2 P 8376
227 2 P 8432
232 0 P 21576
230 1 P 11280
229 2 P 9664
231 2 P 7728
236 0 P 21896
234 1 P 11584
233 2 P 9712
235 2 P 7592
240 0 P 23552
238 1 P 11840
237 2 P 9440
239 2 P 7520
244 0 P 27960
242 1 P 12072
241 2 P 8976
243 2 P 7752
248 0 P 31856
246 1 P 12904
245 2 P 10128
247 2 P 7032
252 0 P 24840
250 1 P 12960
249 2 P 8736
251 2 P 9056
256 0 I 122064
254 1 P 17656
253 2 P 12088
255 2 P 11496
260 0 P 21192
258 1 P 11944
257 2 P 9328
259 2 P 9120
264 0 P 26360
262 1 P 9752
261 2 P 9672
263 2 P 5864
268 0 P 12784
266 1 P 7344
265 2 P 5192
267 2 P 5104
272 0 P 17016
270 1 P 9584
269 2 P 6400
271 2 P 6968
276 0 P 18496
274 1 P 9616
273 2 P 6840
275 2 P 7120
280 0 P 12672
278 1 P 6176
277 2 P 5672
279 2 P 3816
284 0 P 6704
282 1 P 4416
281 2 P 3592
283 2 P 3880
288 0 I 122672
286 1 P 7376
285 2 P 5944
287 2 P 6840
292 0 P 13992
290 1 P 6544
289 2 P 5152
291 2 P 4960
296 0 P 19048
294 1 P 7920
293 2 P 6888
295 2 P 5456
298 1 P 9104
297 2 P 5344
299 2 P 7072