1079639.097744
328601.503759
400481.203008
456120.300752
474466.165414
586285.714286
579007.518797
651248.120301
1319879.699248
608421.052632
525954.887218
479518.796992
444571.428571
379368.421053
405233.082707
501533.834586
1356030.075188
400000.000000
414736.842105
384902.255639
318676.691729
289684.210526
256902.255639
327819.548872
1344721.804511
381112.781955
474285.714286
557052.631579
590375.939850
629233.082707
641142.857143
557413.533835
1317654.135338
180270.676692
171909.774436
150375.939850
144180.451128
221593.984962
388932.330827
558736.842105
1318676.691729
394165.413534
451548.872180
462796.992481
449864.661654
471518.796992
412872.180451
427609.022556
1203669.172932
328180.451128
325593.984962
373834.586466
378406.015038
414496.240602
445533.834586
515548.872180
1268992.481203
371127.819549
379428.571429
381172.932331
393624.060150
436270.676692
470736.842105
496842.105263
1146285.714286
349473.684211
330827.067669
268691.729323
305203.007519
256842.105263
184661.654135
201984.962406
1047578.947368
257563.909774
305022.556391
