1079639.097744
328601.503759
400481.203008
456120.300752
474466.165414
586285.714286
579007.518797
413714.285714
1319879.699248
608421.052632
525954.887218
479518.796992
444571.428571
379368.421053
405233.082707
287338.345865
163067.669173
400000.000000
414736.842105
384902.255639
271218.045113
255097.744361
165473.684211
327819.548872
1344721.804511
381112.781955
474285.714286
557052.631579
332691.729323
629233.082707
641142.857143
557413.533835
120962.406015
180270.676692
171909.774436
150375.939850
144180.451128
221593.984962
388932.330827
558736.842105
163729.323308
394165.413534
451548.872180
388511.278195
449864.661654
387368.421053
263037.593985
427609.022556
1203669.172932
328180.451128
325593.984962
373834.586466
241864.661654
250766.917293
281263.157895
515548.872180
1268992.481203
371127.819549
379428.571429
381172.932331
393624.060150
436270.676692
402646.616541
496842.105263
1146285.714286
349473.684211
330827.067669
268691.729323
305203.007519
256842.105263
184661.654135
150556.390977
125233.082707
257563.909774
183398.496241
