66.660000
199.990000
333.320000
466.650000
599.980000
733.310000
866.640000
999.970000
1133.300000
1266.630000
1399.960000
1533.290000
1666.620000
1799.950000
1933.280000
2066.610000
2199.940000
2333.270000
2466.600000
2599.930000
2733.260000
2866.590000
2999.920000
3133.250000
3266.580000
3399.910000
3533.240000
3666.570000
3799.900000
3933.230000
4066.560000
4199.890000
4333.220000
4466.550000
4599.880000
4733.210000
4866.540000
4999.870000
5133.200000
5266.530000
5399.860000
5533.190000
5666.520000
5799.850000
5933.180000
6066.510000
6199.840000
6333.170000
6466.500000
6599.830000
6733.160000
6866.490000
6999.820000
7133.150000
7266.480000
7399.810000
7533.140000
7666.470000
7799.800000
7933.130000
8066.460000
8199.790000
8333.120000
8466.450000
8599.780000
8733.110000
8866.440000
8999.770000
9133.100000
9266.430000
9399.760000
9533.090000
9666.420000
9799.750000
9933.080000
